1g64.pdb________________________ 1i9c.pdb________________________ 0.768733 0.089201     1081     9316      831        8
1g64.pdb________________________ 1iwb.pdb________________________ 0.580019 0.095652     1081     6555      627        5
1g64.pdb________________________ 1req.pdb________________________ 0.778908 0.089072     1081     9453      842       11
1g64.pdb________________________ 1xrs.pdb________________________ 0.542091 0.149642     1081     3916      586        8
1g64.pdb________________________ 2bb6.pdb________________________ 0.614246 0.108763     1081     6105      664       10
1g64.pdb________________________ 2h9a.pdb________________________ 0.574468 0.113736     1081     5460      621        5
1g64.pdb________________________ 2pmv.pdb________________________ 0.575393 0.145395     1081     4278      622       11
1g64.pdb________________________ 2xij.pdb________________________ 0.690102 0.117889     1081     6328      746        8
1g64.pdb________________________ 3abq.pdb________________________ 0.820537 0.172200     1081     5151      887        9
1g64.pdb________________________ 3bul.pdb________________________ 0.454209 0.078990     1081     6216      491        5
1g64.pdb________________________ 3ci3.pdb________________________ 0.451952 0.278446     1081      666      301        9
1g64.pdb________________________ 3kp1.pdb________________________ 0.535615 0.132464     1081     4371      579        9
1g64.pdb________________________ 3o0o.pdb________________________ 0.191489 0.129699     1081     1596      207        6
1g64.pdb________________________ 3som.pdb________________________ 0.701203 0.228245     1081     3321      758        8
1g64.pdb________________________ 4djd.pdb________________________ 0.433858 0.144753     1081     3240      469        5
1i9c.pdb________________________ 1iwb.pdb________________________ 0.777422 0.547016     9316     6555     5096       14
1i9c.pdb________________________ 1req.pdb________________________ 0.784994 0.773617     9316     9453     7313       24
1i9c.pdb________________________ 1xrs.pdb________________________ 0.931052 0.391370     9316     3916     3646       16
1i9c.pdb________________________ 2bb6.pdb________________________ 0.778542 0.510198     9316     6105     4753       20
1i9c.pdb________________________ 2h9a.pdb________________________ 0.911538 0.534242     9316     5460     4977       19
1i9c.pdb________________________ 2pmv.pdb________________________ 0.830061 0.381172     9316     4278     3551       18
1i9c.pdb________________________ 2xij.pdb________________________ 0.830120 0.563869     9316     6328     5253       22
1i9c.pdb________________________ 3abq.pdb________________________ 0.788002 0.435702     9316     5151     4059       18
1i9c.pdb________________________ 3bul.pdb________________________ 0.831081 0.554530     9316     6216     5166       16
1i9c.pdb________________________ 3ci3.pdb________________________ 0.830330 0.059360     9316      666      553        6
1i9c.pdb________________________ 3kp1.pdb________________________ 0.805994 0.378167     9316     4371     3523       16
1i9c.pdb________________________ 3o0o.pdb________________________ 0.815789 0.139760     9316     1596     1302       13
1i9c.pdb________________________ 3som.pdb________________________ 0.844625 0.301095     9316     3321     2805       18
1i9c.pdb________________________ 4djd.pdb________________________ 0.958025 0.333190     9316     3240     3104       16
1iwb.pdb________________________ 1req.pdb________________________ 0.768879 0.533164     6555     9453     5040       16
1iwb.pdb________________________ 1xrs.pdb________________________ 0.814862 0.486804     6555     3916     3191       19
1iwb.pdb________________________ 2bb6.pdb________________________ 0.746110 0.694889     6555     6105     4555       20
1iwb.pdb________________________ 2h9a.pdb________________________ 0.715751 0.596186     6555     5460     3908       19
1iwb.pdb________________________ 2pmv.pdb________________________ 0.734222 0.479176     6555     4278     3141       18
1iwb.pdb________________________ 2xij.pdb________________________ 0.615676 0.594355     6555     6328     3896       21
1iwb.pdb________________________ 3abq.pdb________________________ 0.653854 0.513806     6555     5151     3368       20
1iwb.pdb________________________ 3bul.pdb________________________ 0.610199 0.578642     6555     6216     3793       16
1iwb.pdb________________________ 3ci3.pdb________________________ 0.692192 0.070328     6555      666      461        5
1iwb.pdb________________________ 3kp1.pdb________________________ 0.753603 0.502517     6555     4371     3294       17
1iwb.pdb________________________ 3o0o.pdb________________________ 0.846491 0.206102     6555     1596     1351       16
1iwb.pdb________________________ 3som.pdb________________________ 0.744053 0.376964     6555     3321     2471       13
1iwb.pdb________________________ 4djd.pdb________________________ 0.804012 0.397407     6555     3240     2605       14
1req.pdb________________________ 1xrs.pdb________________________ 0.927477 0.384217     9453     3916     3632       13
1req.pdb________________________ 2bb6.pdb________________________ 0.728583 0.470538     9453     6105     4448       17
1req.pdb________________________ 2h9a.pdb________________________ 0.882234 0.509574     9453     5460     4817       18
1req.pdb________________________ 2pmv.pdb________________________ 0.812529 0.367714     9453     4278     3476       17
1req.pdb________________________ 2xij.pdb________________________ 0.965234 0.646144     9453     6328     6108       36
1req.pdb________________________ 3abq.pdb________________________ 0.827024 0.450651     9453     5151     4260       20
1req.pdb________________________ 3bul.pdb________________________ 0.843951 0.554956     9453     6216     5246       16
1req.pdb________________________ 3ci3.pdb________________________ 0.872372 0.061462     9453      666      581        9
1req.pdb________________________ 3kp1.pdb________________________ 0.888584 0.410875     9453     4371     3884       14
1req.pdb________________________ 3o0o.pdb________________________ 0.848371 0.143235     9453     1596     1354       16
1req.pdb________________________ 3som.pdb________________________ 0.856670 0.300963     9453     3321     2845       14
1req.pdb________________________ 4djd.pdb________________________ 0.957716 0.328256     9453     3240     3103       14
1xrs.pdb________________________ 2bb6.pdb________________________ 0.791624 0.507781     3916     6105     3100       18
1xrs.pdb________________________ 2h9a.pdb________________________ 0.794944 0.570147     3916     5460     3113       15
1xrs.pdb________________________ 2pmv.pdb________________________ 0.621297 0.568724     3916     4278     2433       15
1xrs.pdb________________________ 2xij.pdb________________________ 0.815628 0.504741     3916     6328     3194       16
1xrs.pdb________________________ 3abq.pdb________________________ 0.702247 0.533877     3916     5151     2750       15
1xrs.pdb________________________ 3bul.pdb________________________ 0.754597 0.475386     3916     6216     2955       15
1xrs.pdb________________________ 3ci3.pdb________________________ 0.639640 0.108784     3916      666      426        8
1xrs.pdb________________________ 3kp1.pdb________________________ 0.630235 0.564631     3916     4371     2468       17
1xrs.pdb________________________ 3o0o.pdb________________________ 0.600877 0.244893     3916     1596      959       10
1xrs.pdb________________________ 3som.pdb________________________ 0.646793 0.548519     3916     3321     2148       14
1xrs.pdb________________________ 4djd.pdb________________________ 0.706790 0.584780     3916     3240     2290       12
2bb6.pdb________________________ 2h9a.pdb________________________ 0.647802 0.579361     6105     5460     3537       16
2bb6.pdb________________________ 2pmv.pdb________________________ 0.765778 0.536609     6105     4278     3276       20
2bb6.pdb________________________ 2xij.pdb________________________ 0.533497 0.514697     6105     6328     3257       13
2bb6.pdb________________________ 3abq.pdb________________________ 0.650747 0.549058     6105     5151     3352       17
2bb6.pdb________________________ 3bul.pdb________________________ 0.555774 0.545849     6105     6216     3393       16
2bb6.pdb________________________ 3ci3.pdb________________________ 0.653153 0.071253     6105      666      435        6
2bb6.pdb________________________ 3kp1.pdb________________________ 0.582018 0.416708     6105     4371     2544       16
2bb6.pdb________________________ 3o0o.pdb________________________ 0.749373 0.195905     6105     1596     1196       12
2bb6.pdb________________________ 3som.pdb________________________ 0.786209 0.427682     6105     3321     2611       15
2bb6.pdb________________________ 4djd.pdb________________________ 0.688580 0.365438     6105     3240     2231       13
2h9a.pdb________________________ 2pmv.pdb________________________ 0.701964 0.550000     5460     4278     3003       17
2h9a.pdb________________________ 2xij.pdb________________________ 0.706044 0.609197     5460     6328     3855       17
2h9a.pdb________________________ 3abq.pdb________________________ 0.589983 0.556593     5460     5151     3039       16
2h9a.pdb________________________ 3bul.pdb________________________ 0.657692 0.577703     5460     6216     3591       14
2h9a.pdb________________________ 3ci3.pdb________________________ 0.608108 0.074176     5460      666      405        5
2h9a.pdb________________________ 3kp1.pdb________________________ 0.640128 0.512454     5460     4371     2798       14
2h9a.pdb________________________ 3o0o.pdb________________________ 0.672932 0.196703     5460     1596     1074       10
2h9a.pdb________________________ 3som.pdb________________________ 0.698585 0.424908     5460     3321     2320       15
2h9a.pdb________________________ 4djd.pdb________________________ 0.939198 0.557326     5460     3240     3043       24
2pmv.pdb________________________ 2xij.pdb________________________ 0.661758 0.447377     4278     6328     2831       15
2pmv.pdb________________________ 3abq.pdb________________________ 0.698691 0.580276     4278     5151     2989       14
2pmv.pdb________________________ 3bul.pdb________________________ 0.508649 0.350064     4278     6216     2176       12
2pmv.pdb________________________ 3ci3.pdb________________________ 0.555556 0.086489     4278      666      370        7
2pmv.pdb________________________ 3kp1.pdb________________________ 0.551192 0.539465     4278     4371     2358       16
2pmv.pdb________________________ 3o0o.pdb________________________ 0.751880 0.280505     4278     1596     1200       14
2pmv.pdb________________________ 3som.pdb________________________ 0.660945 0.513090     4278     3321     2195       15
2pmv.pdb________________________ 4djd.pdb________________________ 0.587654 0.445068     4278     3240     1904       12
2xij.pdb________________________ 3abq.pdb________________________ 0.698505 0.568584     6328     5151     3598       17
2xij.pdb________________________ 3bul.pdb________________________ 0.672297 0.660398     6328     6216     4179       17
2xij.pdb________________________ 3ci3.pdb________________________ 0.831832 0.087547     6328      666      554       10
2xij.pdb________________________ 3kp1.pdb________________________ 0.786776 0.543458     6328     4371     3439       15
2xij.pdb________________________ 3o0o.pdb________________________ 0.719925 0.181574     6328     1596     1149       13
2xij.pdb________________________ 3som.pdb________________________ 0.740139 0.388432     6328     3321     2458       15
2xij.pdb________________________ 4djd.pdb________________________ 0.870988 0.445954     6328     3240     2822       13
3abq.pdb________________________ 3bul.pdb________________________ 0.581635 0.481982     5151     6216     2996       14
3abq.pdb________________________ 3ci3.pdb________________________ 0.881381 0.113958     5151      666      587       10
3abq.pdb________________________ 3kp1.pdb________________________ 0.687943 0.583770     5151     4371     3007       18
3abq.pdb________________________ 3o0o.pdb________________________ 0.793860 0.245972     5151     1596     1267       13
3abq.pdb________________________ 3som.pdb________________________ 0.847335 0.546302     5151     3321     2814       18
3abq.pdb________________________ 4djd.pdb________________________ 0.646605 0.406717     5151     3240     2095       12
3bul.pdb________________________ 3ci3.pdb________________________ 0.747748 0.080116     6216      666      498        8
3bul.pdb________________________ 3kp1.pdb________________________ 0.633036 0.445142     6216     4371     2767       16
3bul.pdb________________________ 3o0o.pdb________________________ 0.652256 0.167471     6216     1596     1041       10
3bul.pdb________________________ 3som.pdb________________________ 0.622403 0.332529     6216     3321     2067       12
3bul.pdb________________________ 4djd.pdb________________________ 0.790123 0.411840     6216     3240     2560       15
3ci3.pdb________________________ 3kp1.pdb________________________ 0.758258 0.115534      666     4371      505        9
3ci3.pdb________________________ 3o0o.pdb________________________ 0.373874 0.156015      666     1596      249        7
3ci3.pdb________________________ 3som.pdb________________________ 0.690691 0.138512      666     3321      460        8
3ci3.pdb________________________ 4djd.pdb________________________ 0.496997 0.102160      666     3240      331        5
3kp1.pdb________________________ 3o0o.pdb________________________ 0.744987 0.272020     4371     1596     1189       11
3kp1.pdb________________________ 3som.pdb________________________ 0.636254 0.483413     4371     3321     2113       15
3kp1.pdb________________________ 4djd.pdb________________________ 0.635185 0.470830     4371     3240     2058       11
3o0o.pdb________________________ 3som.pdb________________________ 0.617794 0.296899     1596     3321      986       10
3o0o.pdb________________________ 4djd.pdb________________________ 0.447995 0.220679     1596     3240      715        9
3som.pdb________________________ 4djd.pdb________________________ 0.522222 0.509485     3321     3240     1692       11
